0.846643
0.911944
0.925267
0.969879
1.017
1.04522
1.05006
1.05143
1.05212
1.05696
1.06869
1.07285
1.07511
1.07845
1.07944
1.08203
1.09557
1.09809
1.09905
1.10115
1.10493
1.1065
1.10938
1.11654
1.12651
1.12759
1.12987
1.14427
1.14874
1.15668
1.16136
1.16793
1.18469
1.18754
1.19037
1.19769
1.20099
1.22484
1.22642
1.22911
1.23218
1.24512
1.25929
1.26151
1.26522
1.27402
1.27404
1.27415
1.28307
1.31369
1.31914
1.32656
1.32764
1.33049
1.33574
1.33944
1.34494
1.34601
1.34964
1.3501
1.35308
1.35431
1.35471
1.36466
1.36556
1.37011
1.38029
1.3817
1.38688
1.39797
1.41427
1.43863
1.44601
1.47283
1.47813
1.48031
1.48226
1.4856
1.48683
1.48974
1.49302
1.49911
1.49954
1.49991
1.50099
1.50429
1.5069
1.50999
1.51055
1.51106
1.51234
1.51256
1.51623
1.51942
1.52825
1.64225
1.65503
1.79527
2.17037
2.39311
