0.739496
1.05926
1.08326
1.08575
1.08951
1.09803
1.10661
1.11056
1.13221
1.13525
1.13576
1.14688
1.14703
1.15097
1.15321
1.15405
1.15721
1.15761
1.1797
1.19234
1.20076
1.21079
1.21327
1.21439
1.21505
1.2156
1.22467
1.22468
1.22674
1.23295
1.23529
1.24343
1.24343
1.24362
1.24458
1.24788
1.25219
1.25559
1.25731
1.25856
1.25885
1.25988
1.26035
1.26379
1.26456
1.27619
1.28596
1.29223
1.2961
1.30054
1.31106
1.31141
1.31422
1.31539
1.31705
1.32879
1.32919
1.32991
1.33283
1.33536
1.34148
1.35032
1.35138
1.35196
1.35472
1.35612
1.36238
1.36275
1.36464
1.36899
1.36975
1.37132
1.37288
1.38196
1.38521
1.39619
1.39748
1.41218
1.42574
1.43992
1.44165
1.44402
1.4514
1.46286
1.50228
1.5161
1.51936
1.52673
1.55118
1.55325
1.57593
1.57829
1.58053
1.58598
1.59502
1.70419
1.78703
1.82337
1.93875
2.15422
