0.696985
0.727785
0.787709
0.86586
0.884231
0.907531
0.925975
0.930305
0.957545
0.970945
0.972372
0.973491
0.977547
0.982201
0.985032
0.991532
1.01776
1.0437
1.05069
1.05073
1.05132
1.05361
1.05664
1.06949
1.07317
1.07749
1.0778
1.07946
1.08438
1.1
1.10155
1.10744
1.10939
1.11558
1.12223
1.12584
1.13667
1.13908
1.14211
1.15189
1.15288
1.1548
1.15757
1.1636
1.16984
1.1733
1.17586
1.18084
1.1828
1.19161
1.19478
1.19571
1.20246
1.20451
1.2063
1.20729
1.21027
1.21881
1.22394
1.22942
1.2303
1.23177
1.24637
1.2465
1.24689
1.25083
1.25615
1.25952
1.27092
1.27274
1.29085
1.2923
1.29236
1.29803
1.30166
1.31107
1.3132
1.32344
1.33122
1.33264
1.33361
1.34112
1.35012
1.36633
1.37173
1.37427
1.37773
1.38384
1.40682
1.41857
1.4609
1.49431
1.49982
1.57358
1.58096
1.71833
1.76776
1.80332
1.83176
1.84917
