3 0.327158 9.38902 5.13993 6.0622 9.40733 0.0001
6 9.29624 2.56813 0.804468 0.427564 8.08649 1.94769 5.58947 6.77389 0.0001
5 7.43553 2.92245 0.672628 7.28294 5.38285 8.28394 9.74944 0.0001
2 2.16437 3.02438 3.34147 5.50615 0.0001
2 5.68896 1.29582 2.45491 7.31773 0.0001
3 1.31626 5.103 8.0633 7.11539 8.47896 0.0001
4 5.11856 2.48115 1.94494 0.300302 0.270394 5.78936 0.0001
4 9.0762 8.08527 4.25153 6.38173 2.47444 8.63704 0.0001
3 2.57241 0.371715 8.91232 3.29112 7.70806 0.0001
6 3.79803 9.02249 2.57118 3.70739 1.60466 9.03134 3.29478 6.18244 0.0001
