0.651811
0.750989
0.847488
0.853139
0.90715
0.923778
0.944444
0.953526
1.00194
1.00255
1.02483
1.02639
1.03728
1.03864
1.05223
1.05573
1.06597
1.09337
1.09614
1.10379
1.10526
1.10554
1.11253
1.11719
1.1202
1.12123
1.12509
1.12534
1.12602
1.1261
1.12784
1.1313
1.13257
1.13843
1.14463
1.15519
1.16034
1.16073
1.16296
1.16654
1.17329
1.18285
1.18291
1.19091
1.19362
1.19499
1.1954
1.19993
1.20019
1.20152
1.20326
1.2073
1.21036
1.22235
1.22363
1.22945
1.22966
1.23107
1.24273
1.24434
1.24489
1.264
1.26889
1.27039
1.28228
1.2828
1.31946
1.3299
1.34047
1.35087
1.36543
1.36647
1.37422
1.38306
1.39225
1.39739
1.4025
1.40889
1.41418
1.42945
1.42947
1.43489
1.43736
1.44288
1.44519
1.46753
1.4845
1.48518
1.50157
1.50288
1.54114
1.55869
1.58742
1.61254
1.61762
1.6399
1.64709
1.74189
1.86928
1.89493
