0.714543
0.900643
1.05556
1.06968
1.07091
1.07668
1.0965
1.11065
1.11996
1.13766
1.14107
1.1529
1.15451
1.1625
1.16277
1.16537
1.17671
1.17677
1.17809
1.18436
1.18579
1.18678
1.19559
1.20016
1.20276
1.20912
1.21099
1.21298
1.22999
1.23632
1.23851
1.24321
1.24422
1.24683
1.24706
1.26599
1.26662
1.2703
1.27806
1.27999
1.28547
1.29284
1.29321
1.29325
1.29531
1.30268
1.30831
1.3096
1.31238
1.31375
1.31757
1.3192
1.32493
1.33275
1.33567
1.3402
1.35118
1.35565
1.35649
1.36905
1.36924
1.37743
1.38127
1.39322
1.41141
1.4253
1.42545
1.43358
1.43528
1.44666
1.44925
1.46823
1.47303
1.48318
1.48657
1.49607
1.49785
1.50122
1.50275
1.52178
1.53279
1.53907
1.54247
1.54635
1.56084
1.59462
1.60808
1.61765
1.66356
1.66929
1.68385
1.68993
1.80225
1.86297
1.8728
1.92657
2.01157
2.02726
2.03252
2.04205
